        0
   0.0101
   0.0202
   0.0303
   0.0404
   0.0505
   0.0606
   0.0707
   0.0808
   0.0909
   0.1010
   0.1111
   0.1212
   0.1313
   0.1414
   0.1515
   0.1616
   0.1717
   0.1818
   0.1919
   0.2020
   0.2121
   0.2222
   0.2323
   0.2424
   0.2525
   0.2626
   0.2727
   0.2828
   0.2929
   0.3030
   0.3131
   0.3232
   0.3333
   0.3434
   0.3535
   0.3636
   0.3737
   0.3838
   0.3939
   0.4040
   0.4141
   0.4242
   0.4343
   0.4444
   0.4545
   0.4646
   0.4747
   0.4848
   0.4949
   0.5051
   0.5152
   0.5253
   0.5354
   0.5455
   0.5556
   0.5657
   0.5758
   0.5859
   0.5960
   0.6061
   0.6162
   0.6263
   0.6364
   0.6465
   0.6566
   0.6667
   0.6768
   0.6869
   0.6970
   0.7071
   0.7172
   0.7273
   0.7374
   0.7475
   0.7576
   0.7677
   0.7778
   0.7879
   0.7980
   0.8081
   0.8182
   0.8283
   0.8384
   0.8485
   0.8586
   0.8687
   0.8788
   0.8889
   0.8990
   0.9091
   0.9192
   0.9293
   0.9394
   0.9495
   0.9596
   0.9697
   0.9798
   0.9899
   1.0000
        0
   0.0859
   0.1626
   0.2309
   0.2917
   0.3457
   0.3936
   0.4358
   0.4731
   0.5058
   0.5344
   0.5592
   0.5807
   0.5992
   0.6149
   0.6282
   0.6392
   0.6482
   0.6553
   0.6608
   0.6648
   0.6674
   0.6689
   0.6692
   0.6685
   0.6669
   0.6645
   0.6613
   0.6575
   0.6531
   0.6481
   0.6427
   0.6368
   0.6305
   0.6238
   0.6168
   0.6095
   0.6020
   0.5941
   0.5861
   0.5779
   0.5695
   0.5609
   0.5522
   0.5434
   0.5344
   0.5253
   0.5162
   0.5069
   0.4976
   0.4882
   0.4787
   0.4691
   0.4595
   0.4499
   0.4402
   0.4305
   0.4208
   0.4110
   0.4011
   0.3913
   0.3814
   0.3715
   0.3616
   0.3517
   0.3418
   0.3318
   0.3218
   0.3119
   0.3019
   0.2919
   0.2819
   0.2718
   0.2618
   0.2518
   0.2417
   0.2317
   0.2217
   0.2116
   0.2015
   0.1915
   0.1814
   0.1714
   0.1613
   0.1512
   0.1411
   0.1311
   0.1210
   0.1109
   0.1008
   0.0908
   0.0807
   0.0706
   0.0605
   0.0504
   0.0403
   0.0303
   0.0202
   0.0101
        0
