0.00000000000000e+00
1.01010101010101e-02
2.02020202020202e-02
3.03030303030303e-02
4.04040404040404e-02
5.05050505050505e-02
6.06060606060606e-02
7.07070707070707e-02
8.08080808080808e-02
9.09090909090909e-02
1.01010101010101e-01
1.11111111111111e-01
1.21212121212121e-01
1.31313131313131e-01
1.41414141414141e-01
1.51515151515152e-01
1.61616161616162e-01
1.71717171717172e-01
1.81818181818182e-01
1.91919191919192e-01
2.02020202020202e-01
2.12121212121212e-01
2.22222222222222e-01
2.32323232323232e-01
2.42424242424242e-01
2.52525252525253e-01
2.62626262626263e-01
2.72727272727273e-01
2.82828282828283e-01
2.92929292929293e-01
3.03030303030303e-01
3.13131313131313e-01
3.23232323232323e-01
3.33333333333333e-01
3.43434343434343e-01
3.53535353535354e-01
3.63636363636364e-01
3.73737373737374e-01
3.83838383838384e-01
3.93939393939394e-01
4.04040404040404e-01
4.14141414141414e-01
4.24242424242424e-01
4.34343434343434e-01
4.44444444444444e-01
4.54545454545455e-01
4.64646464646465e-01
4.74747474747475e-01
4.84848484848485e-01
4.94949494949495e-01
5.05050505050505e-01
5.15151515151515e-01
5.25252525252525e-01
5.35353535353535e-01
5.45454545454546e-01
5.55555555555556e-01
5.65656565656566e-01
5.75757575757576e-01
5.85858585858586e-01
5.95959595959596e-01
6.06060606060606e-01
6.16161616161616e-01
6.26262626262626e-01
6.36363636363636e-01
6.46464646464647e-01
6.56565656565657e-01
6.66666666666667e-01
6.76767676767677e-01
6.86868686868687e-01
6.96969696969697e-01
7.07070707070707e-01
7.17171717171717e-01
7.27272727272727e-01
7.37373737373737e-01
7.47474747474748e-01
7.57575757575758e-01
7.67676767676768e-01
7.77777777777778e-01
7.87878787878788e-01
7.97979797979798e-01
8.08080808080808e-01
8.18181818181818e-01
8.28282828282828e-01
8.38383838383838e-01
8.48484848484849e-01
8.58585858585859e-01
8.68686868686869e-01
8.78787878787879e-01
8.88888888888889e-01
8.98989898989899e-01
9.09090909090909e-01
9.19191919191919e-01
9.29292929292929e-01
9.39393939393939e-01
9.49494949494950e-01
9.59595959595960e-01
9.69696969696970e-01
9.79797979797980e-01
9.89898989898990e-01
1.00000000000000e+00
