0.00000000000000e+00
8.95904624584042e-03
1.78188901939487e-02
2.65805199068100e-02
3.52449136057318e-02
4.38130397688620e-02
5.22858572282323e-02
6.06643152658335e-02
6.89493537087355e-02
7.71419030232584e-02
8.52428844082063e-02
9.32532098871728e-02
1.01173782399927e-01
1.09005495892887e-01
1.16749235408700e-01
1.24405877174915e-01
1.31976288691793e-01
1.39461328819223e-01
1.46861847862783e-01
1.54178687658944e-01
1.61412681659422e-01
1.68564655014687e-01
1.75635424656650e-01
1.82625799380516e-01
1.89536579925829e-01
1.96368559056705e-01
2.03122521641268e-01
2.09799244730297e-01
2.16399497635084e-01
2.22924042004523e-01
2.29373631901426e-01
2.35749013878081e-01
2.42050927051060e-01
2.48280103175276e-01
2.54437266717305e-01
2.60523134927985e-01
2.66538417914277e-01
2.72483818710424e-01
2.78360033348392e-01
2.84167750927619e-01
2.89907653684056e-01
2.95580417058534e-01
3.01186709764440e-01
3.06727193854727e-01
3.12202524788246e-01
3.17613351495432e-01
3.22960316443319e-01
3.28244055699923e-01
3.33465198997973e-01
3.38624369798012e-01
3.43722185350867e-01
3.48759256759500e-01
3.53736189040243e-01
3.58653581183415e-01
3.63512026213349e-01
3.68312111247808e-01
3.73054417556818e-01
3.77739520620911e-01
3.82367990188789e-01
3.86940390334412e-01
3.91457279513523e-01
3.95919210619599e-01
4.00326731039259e-01
4.04680382707108e-01
4.08980702160041e-01
4.13228220591004e-01
4.17423463902221e-01
4.21566952757889e-01
4.25659202636351e-01
4.29700723881745e-01
4.33692021755143e-01
4.37633596485178e-01
4.41525943318166e-01
4.45369552567734e-01
4.49164909663946e-01
4.52912495201946e-01
4.56612784990114e-01
4.60266250097741e-01
4.63873356902233e-01
4.67434567135841e-01
4.70950337931927e-01
4.74421121870769e-01
4.77847367024912e-01
4.81229517004065e-01
4.84568010999547e-01
4.87863283828301e-01
4.91115765976459e-01
4.94325883642477e-01
4.97494058779843e-01
5.00620709139356e-01
5.03706248310985e-01
5.06751085765309e-01
5.09755626894553e-01
5.12720273053200e-01
5.15645421598214e-01
5.18531465928853e-01
5.21378795526088e-01
5.24187795991629e-01
5.26958849086565e-01
5.29692332769613e-01
5.32388621234995e-01
5.35048084949928e-01
5.37671090691748e-01
5.40258001584659e-01
5.42809177136122e-01
5.45324973272876e-01
5.47805742376602e-01
5.50251833319232e-01
5.52663591497906e-01
5.55041358869585e-01
5.57385473985311e-01
5.59696272024129e-01
5.61974084826680e-01
5.64219240928443e-01
5.66432065592659e-01
5.68612880842925e-01
5.70762005495454e-01
5.72879755191029e-01
5.74966442426623e-01
5.77022376586719e-01
5.79047863974304e-01
5.81043207841564e-01
5.83008708420273e-01
5.84944662951869e-01
5.86851365717245e-01
5.88729108066235e-01
5.90578178446803e-01
5.92398862433953e-01
5.94191442758337e-01
5.95956199334589e-01
5.97693409289373e-01
5.99403346989148e-01
6.01086284067663e-01
6.02742489453176e-01
6.04372229395396e-01
6.05975767492165e-01
6.07553364715873e-01
6.09105279439601e-01
6.10631767463018e-01
6.12133082038005e-01
6.13609473894039e-01
6.15061191263310e-01
6.16488479905595e-01
6.17891583132887e-01
6.19270741833772e-01
6.20626194497567e-01
6.21958177238219e-01
6.23266923817960e-01
6.24552665670732e-01
6.25815631925378e-01
6.27056049428601e-01
6.28274142767692e-01
6.29470134293037e-01
6.30644244140393e-01
6.31796690252950e-01
6.32927688403165e-01
6.34037452214387e-01
6.35126193182259e-01
6.36194120695911e-01
6.37241442058942e-01
6.38268362510191e-01
6.39275085244302e-01
6.40261811432085e-01
6.41228740240673e-01
6.42176068853480e-01
6.43103992489957e-01
6.44012704425155e-01
6.44902396009092e-01
6.45773256685921e-01
6.46625474012922e-01
6.47459233679285e-01
6.48274719524727e-01
6.49072113557902e-01
6.49851595974647e-01
6.50613345176034e-01
6.51357537786246e-01
6.52084348670277e-01
6.52793950951450e-01
6.53486516028770e-01
6.54162213594090e-01
6.54821211649123e-01
6.55463676522271e-01
6.56089772885292e-01
6.56699663769801e-01
6.57293510583605e-01
6.57871473126878e-01
6.58433709608171e-01
6.58980376660266e-01
6.59511629355871e-01
6.60027621223157e-01
6.60528504261143e-01
6.61014428954927e-01
6.61485544290763e-01
6.61941997770991e-01
6.62383935428815e-01
6.62811501842940e-01
6.63224840152052e-01
6.63624092069169e-01
6.64009397895833e-01
6.64380896536174e-01
6.64738725510825e-01
6.65083020970704e-01
6.65413917710656e-01
6.65731549182956e-01
6.66036047510687e-01
6.66327543500975e-01
6.66606166658096e-01
6.66872045196457e-01
6.67125306053435e-01
6.67366074902103e-01
6.67594476163823e-01
6.67810633020707e-01
6.68014667427965e-01
6.68206700126124e-01
6.68386850653127e-01
6.68555237356308e-01
6.68711977404254e-01
6.68857186798544e-01
6.68990980385371e-01
6.69113471867051e-01
6.69224773813419e-01
6.69324997673103e-01
6.69414253784695e-01
6.69492651387806e-01
6.69560298634013e-01
6.69617302597694e-01
6.69663769286758e-01
6.69699803653269e-01
6.69725509603956e-01
6.69740990010635e-01
6.69746346720505e-01
6.69741680566364e-01
6.69727091376704e-01
6.69702677985719e-01
6.69668538243208e-01
6.69624769024376e-01
6.69571466239546e-01
6.69508724843765e-01
6.69436638846321e-01
6.69355301320163e-01
6.69264804411225e-01
6.69165239347662e-01
6.69056696448989e-01
6.68939265135131e-01
6.68813033935384e-01
6.68678090497285e-01
6.68534521595397e-01
6.68382413140000e-01
6.68221850185699e-01
6.68052916939954e-01
6.67875696771506e-01
6.67690272218741e-01
6.67496724997957e-01
6.67295136011547e-01
6.67085585356115e-01
6.66868152330493e-01
6.66642915443693e-01
6.66409952422769e-01
6.66169340220610e-01
6.65921155023646e-01
6.65665472259486e-01
6.65402366604474e-01
6.65131911991171e-01
6.64854181615765e-01
6.64569247945403e-01
6.64277182725456e-01
6.63978056986703e-01
6.63671941052454e-01
6.63358904545589e-01
6.63039016395543e-01
6.62712344845207e-01
6.62378957457767e-01
6.62038921123476e-01
6.61692302066353e-01
6.61339165850823e-01
6.60979577388281e-01
6.60613600943603e-01
6.60241300141581e-01
6.59862737973297e-01
6.59477976802440e-01
6.59087078371550e-01
6.58690103808207e-01
6.58287113631156e-01
6.57878167756370e-01
6.57463325503055e-01
6.57042645599592e-01
6.56616186189426e-01
6.56184004836884e-01
6.55746158532952e-01
6.55302703700979e-01
6.54853696202334e-01
6.54399191342003e-01
6.53939243874129e-01
6.53473908007501e-01
6.53003237410982e-01
6.52527285218891e-01
6.52046104036324e-01
6.51559745944428e-01
6.51068262505616e-01
6.50571704768736e-01
6.50070123274185e-01
6.49563568058975e-01
6.49052088661744e-01
6.48535734127723e-01
6.48014553013647e-01
6.47488593392623e-01
6.46957902858948e-01
6.46422528532873e-01
6.45882517065329e-01
6.45337914642601e-01
6.44788766990954e-01
6.44235119381217e-01
6.43677016633316e-01
6.43114503120769e-01
6.42547622775130e-01
6.41976419090391e-01
6.41400935127341e-01
6.40821213517879e-01
6.40237296469289e-01
6.39649225768465e-01
6.39057042786103e-01
6.38460788480840e-01
6.37860503403365e-01
6.37256227700479e-01
6.36648001119116e-01
6.36035863010328e-01
6.35419852333229e-01
6.34800007658894e-01
6.34176367174231e-01
6.33548968685801e-01
6.32917849623609e-01
6.32283047044855e-01
6.31644597637647e-01
6.31002537724675e-01
6.30356903266853e-01
6.29707729866922e-01
6.29055052773016e-01
6.28398906882195e-01
6.27739326743944e-01
6.27076346563628e-01
6.26410000205927e-01
6.25740321198227e-01
6.25067342733977e-01
6.24391097676015e-01
6.23711618559867e-01
6.23028937597000e-01
6.22343086678052e-01
6.21654097376028e-01
6.20962000949464e-01
6.20266828345559e-01
6.19568610203275e-01
6.18867376856408e-01
6.18163158336625e-01
6.17455984376478e-01
6.16745884412380e-01
6.16032887587553e-01
6.15317022754953e-01
6.14598318480157e-01
6.13876803044226e-01
6.13152504446542e-01
6.12425450407607e-01
6.11695668371829e-01
6.10963185510264e-01
6.10228028723344e-01
6.09490224643572e-01
6.08749799638186e-01
6.08006779811806e-01
6.07261191009048e-01
6.06513058817114e-01
6.05762408568355e-01
6.05009265342810e-01
6.04253653970718e-01
6.03495599035008e-01
6.02735124873761e-01
6.01972255582649e-01
6.01207015017348e-01
6.00439426795932e-01
5.99669514301234e-01
5.98897300683195e-01
5.98122808861180e-01
5.97346061526275e-01
5.96567081143561e-01
5.95785889954365e-01
5.95002509978489e-01
5.94216963016416e-01
5.93429270651495e-01
5.92639454252102e-01
5.91847534973784e-01
5.91053533761376e-01
5.90257471351100e-01
5.89459368272645e-01
5.88659244851224e-01
5.87857121209606e-01
5.87053017270137e-01
5.86246952756737e-01
5.85438947196872e-01
5.84629019923513e-01
5.83817190077074e-01
5.83003476607329e-01
5.82187898275309e-01
5.81370473655186e-01
5.80551221136132e-01
5.79730158924159e-01
5.78907305043947e-01
5.78082677340650e-01
5.77256293481681e-01
5.76428170958486e-01
5.75598327088293e-01
5.74766779015849e-01
5.73933543715141e-01
5.73098637991091e-01
5.72262078481243e-01
5.71423881657431e-01
5.70584063827427e-01
5.69742641136577e-01
5.68899629569418e-01
5.68055044951280e-01
5.67208902949871e-01
5.66361219076847e-01
5.65512008689369e-01
5.64661286991636e-01
5.63809069036416e-01
5.62955369726547e-01
5.62100203816434e-01
5.61243585913529e-01
5.60385530479792e-01
5.59526051833139e-01
5.58665164148879e-01
5.57802881461137e-01
5.56939217664252e-01
5.56074186514178e-01
5.55207801629858e-01
5.54340076494588e-01
5.53471024457371e-01
5.52600658734251e-01
5.51728992409640e-01
5.50856038437630e-01
5.49981809643287e-01
5.49106318723938e-01
5.48229578250447e-01
5.47351600668467e-01
5.46472398299694e-01
5.45591983343099e-01
5.44710367876149e-01
5.43827563856019e-01
5.42943583120789e-01
5.42058437390633e-01
5.41172138268989e-01
5.40284697243725e-01
5.39396125688288e-01
5.38506434862845e-01
5.37615635915412e-01
5.36723739882967e-01
5.35830757692563e-01
5.34936700162415e-01
5.34041578002990e-01
5.33145401818076e-01
5.32248182105850e-01
5.31349929259921e-01
5.30450653570382e-01
5.29550365224833e-01
5.28649074309405e-01
5.27746790809772e-01
5.26843524612148e-01
5.25939285504279e-01
5.25034083176428e-01
5.24127927222339e-01
5.23220827140201e-01
5.22312792333603e-01
5.21403832112472e-01
5.20493955694008e-01
5.19583172203606e-01
5.18671490675772e-01
5.17758920055028e-01
5.16845469196808e-01
5.15931146868343e-01
5.15015961749545e-01
5.14099922433871e-01
5.13183037429188e-01
5.12265315158623e-01
5.11346763961408e-01
5.10427392093716e-01
5.09507207729488e-01
5.08586218961252e-01
5.07664433800934e-01
5.06741860180658e-01
5.05818505953548e-01
5.04894378894507e-01
5.03969486700999e-01
5.03043836993824e-01
5.02117437317875e-01
5.01190295142899e-01
5.00262417864242e-01
4.99333812803595e-01
4.98404487209720e-01
4.97474448259185e-01
4.96543703057077e-01
4.95612258637714e-01
4.94680121965355e-01
4.93747299934892e-01
4.92813799372546e-01
4.91879627036544e-01
4.90944789617804e-01
4.90009293740602e-01
4.89073145963234e-01
4.88136352778676e-01
4.87198920615232e-01
4.86260855837181e-01
4.85322164745414e-01
4.84382853578062e-01
4.83442928511127e-01
4.82502395659094e-01
4.81561261075551e-01
4.80619530753789e-01
4.79677210627407e-01
4.78734306570903e-01
4.77790824400266e-01
4.76846769873558e-01
4.75902148691488e-01
4.74956966497988e-01
4.74011228880775e-01
4.73064941371910e-01
4.72118109448358e-01
4.71170738532529e-01
4.70222833992830e-01
4.69274401144193e-01
4.68325445248616e-01
4.67375971515688e-01
4.66425985103108e-01
4.65475491117204e-01
4.64524494613446e-01
4.63573000596950e-01
4.62621014022981e-01
4.61668539797449e-01
4.60715582777401e-01
4.59762147771507e-01
4.58808239540544e-01
4.57853862797869e-01
4.56899022209894e-01
4.55943722396555e-01
4.54987967931770e-01
4.54031763343904e-01
4.53075113116217e-01
4.52118021687315e-01
4.51160493451596e-01
4.50202532759691e-01
4.49244143918894e-01
4.48285331193603e-01
4.47326098805739e-01
4.46366450935174e-01
4.45406391720147e-01
4.44445925257681e-01
4.43485055603990e-01
4.42523786774892e-01
4.41562122746202e-01
4.40600067454140e-01
4.39637624795719e-01
4.38674798629138e-01
4.37711592774166e-01
4.36748011012529e-01
4.35784057088288e-01
4.34819734708209e-01
4.33855047542140e-01
4.32889999223380e-01
4.31924593349035e-01
4.30958833480387e-01
4.29992723143247e-01
4.29026265828307e-01
4.28059464991493e-01
4.27092324054308e-01
4.26124846404180e-01
4.25157035394794e-01
4.24188894346434e-01
4.23220426546314e-01
4.22251635248905e-01
4.21282523676267e-01
4.20313095018365e-01
4.19343352433392e-01
4.18373299048087e-01
4.17402937958043e-01
4.16432272228024e-01
4.15461304892268e-01
4.14490038954790e-01
4.13518477389687e-01
4.12546623141433e-01
4.11574479125173e-01
4.10602048227021e-01
4.09629333304340e-01
4.08656337186038e-01
4.07683062672844e-01
4.06709512537593e-01
4.05735689525501e-01
4.04761596354443e-01
4.03787235715222e-01
4.02812610271843e-01
4.01837722661774e-01
4.00862575496217e-01
3.99887171360363e-01
3.98911512813656e-01
3.97935602390049e-01
3.96959442598254e-01
3.95983035921998e-01
3.95006384820269e-01
3.94029491727562e-01
3.93052359054128e-01
3.92074989186208e-01
3.91097384486277e-01
3.90119547293281e-01
3.89141479922867e-01
3.88163184667621e-01
3.87184663797294e-01
3.86205919559028e-01
3.85226954177585e-01
3.84247769855569e-01
3.83268368773644e-01
3.82288753090756e-01
3.81308924944347e-01
3.80328886450569e-01
3.79348639704498e-01
3.78368186780344e-01
3.77387529731656e-01
3.76406670591529e-01
3.75425611372811e-01
3.74444354068298e-01
3.73462900650942e-01
3.72481253074040e-01
3.71499413271436e-01
3.70517383157714e-01
3.69535164628387e-01
3.68552759560088e-01
3.67570169810761e-01
3.66587397219841e-01
3.65604443608446e-01
3.64621310779553e-01
3.63638000518183e-01
3.62654514591576e-01
3.61670854749371e-01
3.60687022723782e-01
3.59703020229767e-01
3.58718848965207e-01
3.57734510611067e-01
3.56750006831573e-01
3.55765339274375e-01
3.54780509570710e-01
3.53795519335571e-01
3.52810370167862e-01
3.51825063650565e-01
3.50839601350893e-01
3.49853984820450e-01
3.48868215595388e-01
3.47882295196556e-01
3.46896225129656e-01
3.45910006885394e-01
3.44923641939628e-01
3.43937131753516e-01
3.42950477773663e-01
3.41963681432265e-01
3.40976744147255e-01
3.39989667322442e-01
3.39002452347652e-01
3.38015100598871e-01
3.37027613438377e-01
3.36039992214882e-01
3.35052238263663e-01
3.34064352906699e-01
3.33076337452801e-01
3.32088193197744e-01
3.31099921424398e-01
3.30111523402855e-01
3.29123000390556e-01
3.28134353632419e-01
3.27145584360962e-01
3.26156693796427e-01
3.25167683146903e-01
3.24178553608444e-01
3.23189306365195e-01
3.22199942589503e-01
3.21210463442041e-01
3.20220870071920e-01
3.19231163616808e-01
3.18241345203038e-01
3.17251415945728e-01
3.16261376948888e-01
3.15271229305533e-01
3.14280974097789e-01
3.13290612397006e-01
3.12300145263864e-01
3.11309573748476e-01
3.10318898890497e-01
3.09328121719229e-01
3.08337243253718e-01
3.07346264502864e-01
3.06355186465516e-01
3.05364010130575e-01
3.04372736477093e-01
3.03381366474370e-01
3.02389901082052e-01
3.01398341250225e-01
3.00406687919516e-01
2.99414942021180e-01
2.98423104477198e-01
2.97431176200367e-01
2.96439158094394e-01
2.95447051053984e-01
2.94454855964930e-01
2.93462573704204e-01
2.92470205140042e-01
2.91477751132033e-01
2.90485212531205e-01
2.89492590180108e-01
2.88499884912901e-01
2.87507097555436e-01
2.86514228925337e-01
2.85521279832086e-01
2.84528251077103e-01
2.83535143453823e-01
2.82541957747783e-01
2.81548694736691e-01
2.80555355190512e-01
2.79561939871542e-01
2.78568449534483e-01
2.77574884926521e-01
2.76581246787400e-01
2.75587535849496e-01
2.74593752837890e-01
2.73599898470443e-01
2.72605973457863e-01
2.71611978503782e-01
2.70617914304822e-01
2.69623781550667e-01
2.68629580924134e-01
2.67635313101234e-01
2.66640978751251e-01
2.65646578536798e-01
2.64652113113891e-01
2.63657583132011e-01
2.62662989234169e-01
2.61668332056975e-01
2.60673612230695e-01
2.59678830379319e-01
2.58683987120622e-01
2.57689083066225e-01
2.56694118821658e-01
2.55699094986420e-01
2.54704012154038e-01
2.53708870912129e-01
2.52713671842456e-01
2.51718415520987e-01
2.50723102517956e-01
2.49727733397915e-01
2.48732308719793e-01
2.47736829036953e-01
2.46741294897247e-01
2.45745706843068e-01
2.44750065411411e-01
2.43754371133917e-01
2.42758624536936e-01
2.41762826141573e-01
2.40766976463746e-01
2.39771076014230e-01
2.38775125298716e-01
2.37779124817857e-01
2.36783075067320e-01
2.35786976537834e-01
2.34790829715242e-01
2.33794635080546e-01
2.32798393109959e-01
2.31802104274950e-01
2.30805769042292e-01
2.29809387874109e-01
2.28812961227923e-01
2.27816489556697e-01
2.26819973308886e-01
2.25823412928474e-01
2.24826808855027e-01
2.23830161523729e-01
2.22833471365434e-01
2.21836738806700e-01
2.20839964269839e-01
2.19843148172957e-01
2.18846290929995e-01
2.17849392950770e-01
2.16852454641020e-01
2.15855476402439e-01
2.14858458632722e-01
2.13861401725601e-01
2.12864306070888e-01
2.11867172054513e-01
2.10870000058559e-01
2.09872790461308e-01
2.08875543637270e-01
2.07878259957227e-01
2.06880939788268e-01
2.05883583493825e-01
2.04886191433711e-01
2.03888763964155e-01
2.02891301437837e-01
2.01893804203925e-01
2.00896272608111e-01
1.99898706992640e-01
1.98901107696351e-01
1.97903475054708e-01
1.96905809399834e-01
1.95908111060542e-01
1.94910380362371e-01
1.93912617627619e-01
1.92914823175373e-01
1.91916997321540e-01
1.90919140378884e-01
1.89921252657052e-01
1.88923334462606e-01
1.87925386099055e-01
1.86927407866887e-01
1.85929400063596e-01
1.84931362983711e-01
1.83933296918830e-01
1.82935202157646e-01
1.81937078985976e-01
1.80938927686791e-01
1.79940748540243e-01
1.78942541823693e-01
1.77944307811742e-01
1.76946046776253e-01
1.75947758986383e-01
1.74949444708608e-01
1.73951104206749e-01
1.72952737742000e-01
1.71954345572954e-01
1.70955927955626e-01
1.69957485143485e-01
1.68959017387472e-01
1.67960524936031e-01
1.66962008035129e-01
1.65963466928284e-01
1.64964901856592e-01
1.63966313058741e-01
1.62967700771049e-01
1.61969065227473e-01
1.60970406659647e-01
1.59971725296891e-01
1.58973021366246e-01
1.57974295092490e-01
1.56975546698162e-01
1.55976776403584e-01
1.54977984426885e-01
1.53979170984019e-01
1.52980336288793e-01
1.51981480552880e-01
1.50982603985848e-01
1.49983706795176e-01
1.48984789186278e-01
1.47985851362520e-01
1.46986893525244e-01
1.45987915873786e-01
1.44988918605497e-01
1.43989901915762e-01
1.42990865998020e-01
1.41991811043784e-01
1.40992737242658e-01
1.39993644782359e-01
1.38994533848734e-01
1.37995404625779e-01
1.36996257295656e-01
1.35997092038714e-01
1.34997909033507e-01
1.33998708456807e-01
1.32999490483629e-01
1.32000255287242e-01
1.31001003039192e-01
1.30001733909313e-01
1.29002448065751e-01
1.28003145674975e-01
1.27003826901796e-01
1.26004491909385e-01
1.25005140859285e-01
1.24005773911434e-01
1.23006391224173e-01
1.22006992954269e-01
1.21007579256926e-01
1.20008150285803e-01
1.19008706193026e-01
1.18009247129210e-01
1.17009773243466e-01
1.16010284683423e-01
1.15010781595238e-01
1.14011264123611e-01
1.13011732411804e-01
1.12012186601649e-01
1.11012626833567e-01
1.10013053246580e-01
1.09013465978326e-01
1.08013865165070e-01
1.07014250941723e-01
1.06014623441850e-01
1.05014982797685e-01
1.04015329140147e-01
1.03015662598851e-01
1.02015983302119e-01
1.01016291376996e-01
1.00016586949263e-01
9.90168701434465e-02
9.80171410828327e-02
9.70173998894805e-02
9.60176466842330e-02
9.50178815867295e-02
9.40181047154179e-02
9.30183161875662e-02
9.20185161192743e-02
9.10187046254861e-02
9.00188818200003e-02
8.90190478154822e-02
8.80192027234751e-02
8.70193466544113e-02
8.60194797176230e-02
8.50196020213536e-02
8.40197136727684e-02
8.30198147779653e-02
8.20199054419853e-02
8.10199857688235e-02
8.00200558614389e-02
7.90201158217652e-02
7.80201657507208e-02
7.70202057482189e-02
7.60202359131775e-02
7.50202563435295e-02
7.40202671362324e-02
7.30202683872778e-02
7.20202601917014e-02
7.10202426435923e-02
7.00202158361024e-02
6.90201798614558e-02
6.80201348109582e-02
6.70200807750057e-02
6.60200178430942e-02
6.50199461038280e-02
6.40198656449291e-02
6.30197765532457e-02
6.20196789147610e-02
6.10195728146018e-02
6.00194583370470e-02
5.90193355655362e-02
5.80192045826777e-02
5.70190654702572e-02
5.60189183092458e-02
5.50187631798080e-02
5.40186001613100e-02
5.30184293323275e-02
5.20182507706534e-02
5.10180645533060e-02
5.00178707565363e-02
4.90176694558360e-02
4.80174607259448e-02
4.70172446408580e-02
4.60170212738339e-02
4.50167906974012e-02
4.40165529833662e-02
4.30163082028198e-02
4.20160564261452e-02
4.10157977230242e-02
4.00155321624448e-02
3.90152598127079e-02
3.80149807414339e-02
3.70146950155699e-02
3.60144027013961e-02
3.50141038645325e-02
3.40137985699458e-02
3.30134868819552e-02
3.20131688642395e-02
3.10128445798434e-02
3.00125140911834e-02
2.90121774600545e-02
2.80118347476361e-02
2.70114860144984e-02
2.60111313206082e-02
2.50107707253349e-02
2.40104042874570e-02
2.30100320651671e-02
2.20096541160784e-02
2.10092704972303e-02
2.00088812650940e-02
1.90084864755783e-02
1.80080861840351e-02
1.70076804452651e-02
1.60072693135230e-02
1.50068528425233e-02
1.40064310854453e-02
1.30060040949389e-02
1.20055719231293e-02
1.10051346216228e-02
1.00046922415114e-02
9.00424483337861e-03
8.00379244730377e-03
7.00333513286759e-03
6.00287293915694e-03
5.00240591476976e-03
4.00193410781996e-03
3.00145756594223e-03
2.00097633629682e-03
1.00049046557425e-03
0.00000000000000e+00
