0.00000000000000e+00
1.00100100100100e-03
2.00200200200200e-03
3.00300300300300e-03
4.00400400400400e-03
5.00500500500500e-03
6.00600600600601e-03
7.00700700700701e-03
8.00800800800801e-03
9.00900900900901e-03
1.00100100100100e-02
1.10110110110110e-02
1.20120120120120e-02
1.30130130130130e-02
1.40140140140140e-02
1.50150150150150e-02
1.60160160160160e-02
1.70170170170170e-02
1.80180180180180e-02
1.90190190190190e-02
2.00200200200200e-02
2.10210210210210e-02
2.20220220220220e-02
2.30230230230230e-02
2.40240240240240e-02
2.50250250250250e-02
2.60260260260260e-02
2.70270270270270e-02
2.80280280280280e-02
2.90290290290290e-02
3.00300300300300e-02
3.10310310310310e-02
3.20320320320320e-02
3.30330330330330e-02
3.40340340340340e-02
3.50350350350350e-02
3.60360360360360e-02
3.70370370370370e-02
3.80380380380380e-02
3.90390390390390e-02
4.00400400400400e-02
4.10410410410410e-02
4.20420420420420e-02
4.30430430430430e-02
4.40440440440440e-02
4.50450450450450e-02
4.60460460460460e-02
4.70470470470470e-02
4.80480480480480e-02
4.90490490490490e-02
5.00500500500500e-02
5.10510510510511e-02
5.20520520520521e-02
5.30530530530531e-02
5.40540540540541e-02
5.50550550550551e-02
5.60560560560561e-02
5.70570570570571e-02
5.80580580580581e-02
5.90590590590591e-02
6.00600600600601e-02
6.10610610610611e-02
6.20620620620621e-02
6.30630630630631e-02
6.40640640640641e-02
6.50650650650651e-02
6.60660660660661e-02
6.70670670670671e-02
6.80680680680681e-02
6.90690690690691e-02
7.00700700700701e-02
7.10710710710711e-02
7.20720720720721e-02
7.30730730730731e-02
7.40740740740741e-02
7.50750750750751e-02
7.60760760760761e-02
7.70770770770771e-02
7.80780780780781e-02
7.90790790790791e-02
8.00800800800801e-02
8.10810810810811e-02
8.20820820820821e-02
8.30830830830831e-02
8.40840840840841e-02
8.50850850850851e-02
8.60860860860861e-02
8.70870870870871e-02
8.80880880880881e-02
8.90890890890891e-02
9.00900900900901e-02
9.10910910910911e-02
9.20920920920921e-02
9.30930930930931e-02
9.40940940940941e-02
9.50950950950951e-02
9.60960960960961e-02
9.70970970970971e-02
9.80980980980981e-02
9.90990990990991e-02
1.00100100100100e-01
1.01101101101101e-01
1.02102102102102e-01
1.03103103103103e-01
1.04104104104104e-01
1.05105105105105e-01
1.06106106106106e-01
1.07107107107107e-01
1.08108108108108e-01
1.09109109109109e-01
1.10110110110110e-01
1.11111111111111e-01
1.12112112112112e-01
1.13113113113113e-01
1.14114114114114e-01
1.15115115115115e-01
1.16116116116116e-01
1.17117117117117e-01
1.18118118118118e-01
1.19119119119119e-01
1.20120120120120e-01
1.21121121121121e-01
1.22122122122122e-01
1.23123123123123e-01
1.24124124124124e-01
1.25125125125125e-01
1.26126126126126e-01
1.27127127127127e-01
1.28128128128128e-01
1.29129129129129e-01
1.30130130130130e-01
1.31131131131131e-01
1.32132132132132e-01
1.33133133133133e-01
1.34134134134134e-01
1.35135135135135e-01
1.36136136136136e-01
1.37137137137137e-01
1.38138138138138e-01
1.39139139139139e-01
1.40140140140140e-01
1.41141141141141e-01
1.42142142142142e-01
1.43143143143143e-01
1.44144144144144e-01
1.45145145145145e-01
1.46146146146146e-01
1.47147147147147e-01
1.48148148148148e-01
1.49149149149149e-01
1.50150150150150e-01
1.51151151151151e-01
1.52152152152152e-01
1.53153153153153e-01
1.54154154154154e-01
1.55155155155155e-01
1.56156156156156e-01
1.57157157157157e-01
1.58158158158158e-01
1.59159159159159e-01
1.60160160160160e-01
1.61161161161161e-01
1.62162162162162e-01
1.63163163163163e-01
1.64164164164164e-01
1.65165165165165e-01
1.66166166166166e-01
1.67167167167167e-01
1.68168168168168e-01
1.69169169169169e-01
1.70170170170170e-01
1.71171171171171e-01
1.72172172172172e-01
1.73173173173173e-01
1.74174174174174e-01
1.75175175175175e-01
1.76176176176176e-01
1.77177177177177e-01
1.78178178178178e-01
1.79179179179179e-01
1.80180180180180e-01
1.81181181181181e-01
1.82182182182182e-01
1.83183183183183e-01
1.84184184184184e-01
1.85185185185185e-01
1.86186186186186e-01
1.87187187187187e-01
1.88188188188188e-01
1.89189189189189e-01
1.90190190190190e-01
1.91191191191191e-01
1.92192192192192e-01
1.93193193193193e-01
1.94194194194194e-01
1.95195195195195e-01
1.96196196196196e-01
1.97197197197197e-01
1.98198198198198e-01
1.99199199199199e-01
2.00200200200200e-01
2.01201201201201e-01
2.02202202202202e-01
2.03203203203203e-01
2.04204204204204e-01
2.05205205205205e-01
2.06206206206206e-01
2.07207207207207e-01
2.08208208208208e-01
2.09209209209209e-01
2.10210210210210e-01
2.11211211211211e-01
2.12212212212212e-01
2.13213213213213e-01
2.14214214214214e-01
2.15215215215215e-01
2.16216216216216e-01
2.17217217217217e-01
2.18218218218218e-01
2.19219219219219e-01
2.20220220220220e-01
2.21221221221221e-01
2.22222222222222e-01
2.23223223223223e-01
2.24224224224224e-01
2.25225225225225e-01
2.26226226226226e-01
2.27227227227227e-01
2.28228228228228e-01
2.29229229229229e-01
2.30230230230230e-01
2.31231231231231e-01
2.32232232232232e-01
2.33233233233233e-01
2.34234234234234e-01
2.35235235235235e-01
2.36236236236236e-01
2.37237237237237e-01
2.38238238238238e-01
2.39239239239239e-01
2.40240240240240e-01
2.41241241241241e-01
2.42242242242242e-01
2.43243243243243e-01
2.44244244244244e-01
2.45245245245245e-01
2.46246246246246e-01
2.47247247247247e-01
2.48248248248248e-01
2.49249249249249e-01
2.50250250250250e-01
2.51251251251251e-01
2.52252252252252e-01
2.53253253253253e-01
2.54254254254254e-01
2.55255255255255e-01
2.56256256256256e-01
2.57257257257257e-01
2.58258258258258e-01
2.59259259259259e-01
2.60260260260260e-01
2.61261261261261e-01
2.62262262262262e-01
2.63263263263263e-01
2.64264264264264e-01
2.65265265265265e-01
2.66266266266266e-01
2.67267267267267e-01
2.68268268268268e-01
2.69269269269269e-01
2.70270270270270e-01
2.71271271271271e-01
2.72272272272272e-01
2.73273273273273e-01
2.74274274274274e-01
2.75275275275275e-01
2.76276276276276e-01
2.77277277277277e-01
2.78278278278278e-01
2.79279279279279e-01
2.80280280280280e-01
2.81281281281281e-01
2.82282282282282e-01
2.83283283283283e-01
2.84284284284284e-01
2.85285285285285e-01
2.86286286286286e-01
2.87287287287287e-01
2.88288288288288e-01
2.89289289289289e-01
2.90290290290290e-01
2.91291291291291e-01
2.92292292292292e-01
2.93293293293293e-01
2.94294294294294e-01
2.95295295295295e-01
2.96296296296296e-01
2.97297297297297e-01
2.98298298298298e-01
2.99299299299299e-01
3.00300300300300e-01
3.01301301301301e-01
3.02302302302302e-01
3.03303303303303e-01
3.04304304304304e-01
3.05305305305305e-01
3.06306306306306e-01
3.07307307307307e-01
3.08308308308308e-01
3.09309309309309e-01
3.10310310310310e-01
3.11311311311311e-01
3.12312312312312e-01
3.13313313313313e-01
3.14314314314314e-01
3.15315315315315e-01
3.16316316316316e-01
3.17317317317317e-01
3.18318318318318e-01
3.19319319319319e-01
3.20320320320320e-01
3.21321321321321e-01
3.22322322322322e-01
3.23323323323323e-01
3.24324324324324e-01
3.25325325325325e-01
3.26326326326326e-01
3.27327327327327e-01
3.28328328328328e-01
3.29329329329329e-01
3.30330330330330e-01
3.31331331331331e-01
3.32332332332332e-01
3.33333333333333e-01
3.34334334334334e-01
3.35335335335335e-01
3.36336336336336e-01
3.37337337337337e-01
3.38338338338338e-01
3.39339339339339e-01
3.40340340340340e-01
3.41341341341341e-01
3.42342342342342e-01
3.43343343343343e-01
3.44344344344344e-01
3.45345345345345e-01
3.46346346346346e-01
3.47347347347347e-01
3.48348348348348e-01
3.49349349349349e-01
3.50350350350350e-01
3.51351351351351e-01
3.52352352352352e-01
3.53353353353353e-01
3.54354354354354e-01
3.55355355355355e-01
3.56356356356356e-01
3.57357357357357e-01
3.58358358358358e-01
3.59359359359359e-01
3.60360360360360e-01
3.61361361361361e-01
3.62362362362362e-01
3.63363363363363e-01
3.64364364364364e-01
3.65365365365365e-01
3.66366366366366e-01
3.67367367367367e-01
3.68368368368368e-01
3.69369369369369e-01
3.70370370370370e-01
3.71371371371371e-01
3.72372372372372e-01
3.73373373373373e-01
3.74374374374374e-01
3.75375375375375e-01
3.76376376376376e-01
3.77377377377377e-01
3.78378378378378e-01
3.79379379379379e-01
3.80380380380380e-01
3.81381381381381e-01
3.82382382382382e-01
3.83383383383383e-01
3.84384384384384e-01
3.85385385385385e-01
3.86386386386386e-01
3.87387387387387e-01
3.88388388388388e-01
3.89389389389389e-01
3.90390390390390e-01
3.91391391391391e-01
3.92392392392392e-01
3.93393393393393e-01
3.94394394394394e-01
3.95395395395395e-01
3.96396396396396e-01
3.97397397397397e-01
3.98398398398398e-01
3.99399399399399e-01
4.00400400400400e-01
4.01401401401401e-01
4.02402402402402e-01
4.03403403403403e-01
4.04404404404404e-01
4.05405405405405e-01
4.06406406406406e-01
4.07407407407407e-01
4.08408408408408e-01
4.09409409409409e-01
4.10410410410410e-01
4.11411411411411e-01
4.12412412412412e-01
4.13413413413413e-01
4.14414414414414e-01
4.15415415415415e-01
4.16416416416416e-01
4.17417417417417e-01
4.18418418418418e-01
4.19419419419419e-01
4.20420420420420e-01
4.21421421421421e-01
4.22422422422422e-01
4.23423423423423e-01
4.24424424424424e-01
4.25425425425425e-01
4.26426426426426e-01
4.27427427427427e-01
4.28428428428428e-01
4.29429429429429e-01
4.30430430430430e-01
4.31431431431431e-01
4.32432432432432e-01
4.33433433433433e-01
4.34434434434434e-01
4.35435435435435e-01
4.36436436436436e-01
4.37437437437437e-01
4.38438438438438e-01
4.39439439439439e-01
4.40440440440440e-01
4.41441441441441e-01
4.42442442442442e-01
4.43443443443443e-01
4.44444444444444e-01
4.45445445445445e-01
4.46446446446446e-01
4.47447447447447e-01
4.48448448448448e-01
4.49449449449449e-01
4.50450450450450e-01
4.51451451451451e-01
4.52452452452452e-01
4.53453453453453e-01
4.54454454454454e-01
4.55455455455455e-01
4.56456456456456e-01
4.57457457457457e-01
4.58458458458458e-01
4.59459459459459e-01
4.60460460460460e-01
4.61461461461461e-01
4.62462462462462e-01
4.63463463463463e-01
4.64464464464464e-01
4.65465465465465e-01
4.66466466466466e-01
4.67467467467467e-01
4.68468468468468e-01
4.69469469469469e-01
4.70470470470470e-01
4.71471471471471e-01
4.72472472472472e-01
4.73473473473473e-01
4.74474474474474e-01
4.75475475475475e-01
4.76476476476476e-01
4.77477477477477e-01
4.78478478478478e-01
4.79479479479479e-01
4.80480480480480e-01
4.81481481481481e-01
4.82482482482482e-01
4.83483483483483e-01
4.84484484484485e-01
4.85485485485485e-01
4.86486486486486e-01
4.87487487487487e-01
4.88488488488488e-01
4.89489489489490e-01
4.90490490490490e-01
4.91491491491491e-01
4.92492492492492e-01
4.93493493493493e-01
4.94494494494495e-01
4.95495495495495e-01
4.96496496496497e-01
4.97497497497497e-01
4.98498498498498e-01
4.99499499499500e-01
5.00500500500501e-01
5.01501501501502e-01
5.02502502502503e-01
5.03503503503503e-01
5.04504504504504e-01
5.05505505505506e-01
5.06506506506507e-01
5.07507507507508e-01
5.08508508508508e-01
5.09509509509509e-01
5.10510510510511e-01
5.11511511511512e-01
5.12512512512513e-01
5.13513513513513e-01
5.14514514514514e-01
5.15515515515516e-01
5.16516516516517e-01
5.17517517517518e-01
5.18518518518518e-01
5.19519519519519e-01
5.20520520520521e-01
5.21521521521522e-01
5.22522522522523e-01
5.23523523523523e-01
5.24524524524524e-01
5.25525525525526e-01
5.26526526526527e-01
5.27527527527528e-01
5.28528528528528e-01
5.29529529529529e-01
5.30530530530531e-01
5.31531531531532e-01
5.32532532532533e-01
5.33533533533533e-01
5.34534534534534e-01
5.35535535535536e-01
5.36536536536537e-01
5.37537537537538e-01
5.38538538538539e-01
5.39539539539539e-01
5.40540540540541e-01
5.41541541541542e-01
5.42542542542543e-01
5.43543543543544e-01
5.44544544544544e-01
5.45545545545546e-01
5.46546546546547e-01
5.47547547547548e-01
5.48548548548549e-01
5.49549549549550e-01
5.50550550550551e-01
5.51551551551552e-01
5.52552552552553e-01
5.53553553553554e-01
5.54554554554555e-01
5.55555555555556e-01
5.56556556556557e-01
5.57557557557558e-01
5.58558558558559e-01
5.59559559559560e-01
5.60560560560561e-01
5.61561561561562e-01
5.62562562562563e-01
5.63563563563564e-01
5.64564564564565e-01
5.65565565565566e-01
5.66566566566567e-01
5.67567567567568e-01
5.68568568568569e-01
5.69569569569570e-01
5.70570570570571e-01
5.71571571571572e-01
5.72572572572573e-01
5.73573573573574e-01
5.74574574574575e-01
5.75575575575576e-01
5.76576576576577e-01
5.77577577577578e-01
5.78578578578579e-01
5.79579579579580e-01
5.80580580580581e-01
5.81581581581582e-01
5.82582582582583e-01
5.83583583583584e-01
5.84584584584585e-01
5.85585585585586e-01
5.86586586586587e-01
5.87587587587588e-01
5.88588588588589e-01
5.89589589589590e-01
5.90590590590591e-01
5.91591591591592e-01
5.92592592592593e-01
5.93593593593594e-01
5.94594594594595e-01
5.95595595595596e-01
5.96596596596597e-01
5.97597597597598e-01
5.98598598598599e-01
5.99599599599600e-01
6.00600600600601e-01
6.01601601601602e-01
6.02602602602603e-01
6.03603603603604e-01
6.04604604604605e-01
6.05605605605606e-01
6.06606606606607e-01
6.07607607607608e-01
6.08608608608609e-01
6.09609609609610e-01
6.10610610610611e-01
6.11611611611612e-01
6.12612612612613e-01
6.13613613613614e-01
6.14614614614615e-01
6.15615615615616e-01
6.16616616616617e-01
6.17617617617618e-01
6.18618618618619e-01
6.19619619619620e-01
6.20620620620621e-01
6.21621621621622e-01
6.22622622622623e-01
6.23623623623624e-01
6.24624624624625e-01
6.25625625625626e-01
6.26626626626627e-01
6.27627627627628e-01
6.28628628628629e-01
6.29629629629630e-01
6.30630630630631e-01
6.31631631631632e-01
6.32632632632633e-01
6.33633633633634e-01
6.34634634634635e-01
6.35635635635636e-01
6.36636636636637e-01
6.37637637637638e-01
6.38638638638639e-01
6.39639639639640e-01
6.40640640640641e-01
6.41641641641642e-01
6.42642642642643e-01
6.43643643643644e-01
6.44644644644645e-01
6.45645645645646e-01
6.46646646646647e-01
6.47647647647648e-01
6.48648648648649e-01
6.49649649649650e-01
6.50650650650651e-01
6.51651651651652e-01
6.52652652652653e-01
6.53653653653654e-01
6.54654654654655e-01
6.55655655655656e-01
6.56656656656657e-01
6.57657657657658e-01
6.58658658658659e-01
6.59659659659660e-01
6.60660660660661e-01
6.61661661661662e-01
6.62662662662663e-01
6.63663663663664e-01
6.64664664664665e-01
6.65665665665666e-01
6.66666666666667e-01
6.67667667667668e-01
6.68668668668669e-01
6.69669669669670e-01
6.70670670670671e-01
6.71671671671672e-01
6.72672672672673e-01
6.73673673673674e-01
6.74674674674675e-01
6.75675675675676e-01
6.76676676676677e-01
6.77677677677678e-01
6.78678678678679e-01
6.79679679679680e-01
6.80680680680681e-01
6.81681681681682e-01
6.82682682682683e-01
6.83683683683684e-01
6.84684684684685e-01
6.85685685685686e-01
6.86686686686687e-01
6.87687687687688e-01
6.88688688688689e-01
6.89689689689690e-01
6.90690690690691e-01
6.91691691691692e-01
6.92692692692693e-01
6.93693693693694e-01
6.94694694694695e-01
6.95695695695696e-01
6.96696696696697e-01
6.97697697697698e-01
6.98698698698699e-01
6.99699699699700e-01
7.00700700700701e-01
7.01701701701702e-01
7.02702702702703e-01
7.03703703703704e-01
7.04704704704705e-01
7.05705705705706e-01
7.06706706706707e-01
7.07707707707708e-01
7.08708708708709e-01
7.09709709709710e-01
7.10710710710711e-01
7.11711711711712e-01
7.12712712712713e-01
7.13713713713714e-01
7.14714714714715e-01
7.15715715715716e-01
7.16716716716717e-01
7.17717717717718e-01
7.18718718718719e-01
7.19719719719720e-01
7.20720720720721e-01
7.21721721721722e-01
7.22722722722723e-01
7.23723723723724e-01
7.24724724724725e-01
7.25725725725726e-01
7.26726726726727e-01
7.27727727727728e-01
7.28728728728729e-01
7.29729729729730e-01
7.30730730730731e-01
7.31731731731732e-01
7.32732732732733e-01
7.33733733733734e-01
7.34734734734735e-01
7.35735735735736e-01
7.36736736736737e-01
7.37737737737738e-01
7.38738738738739e-01
7.39739739739740e-01
7.40740740740741e-01
7.41741741741742e-01
7.42742742742743e-01
7.43743743743744e-01
7.44744744744745e-01
7.45745745745746e-01
7.46746746746747e-01
7.47747747747748e-01
7.48748748748749e-01
7.49749749749750e-01
7.50750750750751e-01
7.51751751751752e-01
7.52752752752753e-01
7.53753753753754e-01
7.54754754754755e-01
7.55755755755756e-01
7.56756756756757e-01
7.57757757757758e-01
7.58758758758759e-01
7.59759759759760e-01
7.60760760760761e-01
7.61761761761762e-01
7.62762762762763e-01
7.63763763763764e-01
7.64764764764765e-01
7.65765765765766e-01
7.66766766766767e-01
7.67767767767768e-01
7.68768768768769e-01
7.69769769769770e-01
7.70770770770771e-01
7.71771771771772e-01
7.72772772772773e-01
7.73773773773774e-01
7.74774774774775e-01
7.75775775775776e-01
7.76776776776777e-01
7.77777777777778e-01
7.78778778778779e-01
7.79779779779780e-01
7.80780780780781e-01
7.81781781781782e-01
7.82782782782783e-01
7.83783783783784e-01
7.84784784784785e-01
7.85785785785786e-01
7.86786786786787e-01
7.87787787787788e-01
7.88788788788789e-01
7.89789789789790e-01
7.90790790790791e-01
7.91791791791792e-01
7.92792792792793e-01
7.93793793793794e-01
7.94794794794795e-01
7.95795795795796e-01
7.96796796796797e-01
7.97797797797798e-01
7.98798798798799e-01
7.99799799799800e-01
8.00800800800801e-01
8.01801801801802e-01
8.02802802802803e-01
8.03803803803804e-01
8.04804804804805e-01
8.05805805805806e-01
8.06806806806807e-01
8.07807807807808e-01
8.08808808808809e-01
8.09809809809810e-01
8.10810810810811e-01
8.11811811811812e-01
8.12812812812813e-01
8.13813813813814e-01
8.14814814814815e-01
8.15815815815816e-01
8.16816816816817e-01
8.17817817817818e-01
8.18818818818819e-01
8.19819819819820e-01
8.20820820820821e-01
8.21821821821822e-01
8.22822822822823e-01
8.23823823823824e-01
8.24824824824825e-01
8.25825825825826e-01
8.26826826826827e-01
8.27827827827828e-01
8.28828828828829e-01
8.29829829829830e-01
8.30830830830831e-01
8.31831831831832e-01
8.32832832832833e-01
8.33833833833834e-01
8.34834834834835e-01
8.35835835835836e-01
8.36836836836837e-01
8.37837837837838e-01
8.38838838838839e-01
8.39839839839840e-01
8.40840840840841e-01
8.41841841841842e-01
8.42842842842843e-01
8.43843843843844e-01
8.44844844844845e-01
8.45845845845846e-01
8.46846846846847e-01
8.47847847847848e-01
8.48848848848849e-01
8.49849849849850e-01
8.50850850850851e-01
8.51851851851852e-01
8.52852852852853e-01
8.53853853853854e-01
8.54854854854855e-01
8.55855855855856e-01
8.56856856856857e-01
8.57857857857858e-01
8.58858858858859e-01
8.59859859859860e-01
8.60860860860861e-01
8.61861861861862e-01
8.62862862862863e-01
8.63863863863864e-01
8.64864864864865e-01
8.65865865865866e-01
8.66866866866867e-01
8.67867867867868e-01
8.68868868868869e-01
8.69869869869870e-01
8.70870870870871e-01
8.71871871871872e-01
8.72872872872873e-01
8.73873873873874e-01
8.74874874874875e-01
8.75875875875876e-01
8.76876876876877e-01
8.77877877877878e-01
8.78878878878879e-01
8.79879879879880e-01
8.80880880880881e-01
8.81881881881882e-01
8.82882882882883e-01
8.83883883883884e-01
8.84884884884885e-01
8.85885885885886e-01
8.86886886886887e-01
8.87887887887888e-01
8.88888888888889e-01
8.89889889889890e-01
8.90890890890891e-01
8.91891891891892e-01
8.92892892892893e-01
8.93893893893894e-01
8.94894894894895e-01
8.95895895895896e-01
8.96896896896897e-01
8.97897897897898e-01
8.98898898898899e-01
8.99899899899900e-01
9.00900900900901e-01
9.01901901901902e-01
9.02902902902903e-01
9.03903903903904e-01
9.04904904904905e-01
9.05905905905906e-01
9.06906906906907e-01
9.07907907907908e-01
9.08908908908909e-01
9.09909909909910e-01
9.10910910910911e-01
9.11911911911912e-01
9.12912912912913e-01
9.13913913913914e-01
9.14914914914915e-01
9.15915915915916e-01
9.16916916916917e-01
9.17917917917918e-01
9.18918918918919e-01
9.19919919919920e-01
9.20920920920921e-01
9.21921921921922e-01
9.22922922922923e-01
9.23923923923924e-01
9.24924924924925e-01
9.25925925925926e-01
9.26926926926927e-01
9.27927927927928e-01
9.28928928928929e-01
9.29929929929930e-01
9.30930930930931e-01
9.31931931931932e-01
9.32932932932933e-01
9.33933933933934e-01
9.34934934934935e-01
9.35935935935936e-01
9.36936936936937e-01
9.37937937937938e-01
9.38938938938939e-01
9.39939939939940e-01
9.40940940940941e-01
9.41941941941942e-01
9.42942942942943e-01
9.43943943943944e-01
9.44944944944945e-01
9.45945945945946e-01
9.46946946946947e-01
9.47947947947948e-01
9.48948948948949e-01
9.49949949949950e-01
9.50950950950951e-01
9.51951951951952e-01
9.52952952952953e-01
9.53953953953954e-01
9.54954954954955e-01
9.55955955955956e-01
9.56956956956957e-01
9.57957957957958e-01
9.58958958958959e-01
9.59959959959960e-01
9.60960960960961e-01
9.61961961961962e-01
9.62962962962963e-01
9.63963963963964e-01
9.64964964964965e-01
9.65965965965966e-01
9.66966966966967e-01
9.67967967967968e-01
9.68968968968969e-01
9.69969969969970e-01
9.70970970970971e-01
9.71971971971972e-01
9.72972972972973e-01
9.73973973973974e-01
9.74974974974975e-01
9.75975975975976e-01
9.76976976976977e-01
9.77977977977978e-01
9.78978978978979e-01
9.79979979979980e-01
9.80980980980981e-01
9.81981981981982e-01
9.82982982982983e-01
9.83983983983984e-01
9.84984984984985e-01
9.85985985985986e-01
9.86986986986987e-01
9.87987987987988e-01
9.88988988988989e-01
9.89989989989990e-01
9.90990990990991e-01
9.91991991991992e-01
9.92992992992993e-01
9.93993993993994e-01
9.94994994994995e-01
9.95995995995996e-01
9.96996996996997e-01
9.97997997997998e-01
9.98998998998999e-01
1.00000000000000e+00
