0.00000000000000e+00
8.59024824680268e-02
1.62582192746529e-01
2.30925218797496e-01
2.91732516709306e-01
3.45728089834933e-01
3.93566382110471e-01
4.35838961052470e-01
4.73080558678958e-01
5.05774532042355e-01
5.34357799135687e-01
5.59225300576191e-01
5.80734032627777e-01
5.99206692746422e-01
6.14934974875793e-01
6.28182548143727e-01
6.39187749377172e-01
6.48166016930804e-01
6.55312090682886e-01
6.60802000664110e-01
6.64794864626739e-01
6.67434512910324e-01
6.68850957196661e-01
6.69161718152503e-01
6.68473025517539e-01
6.66880902892613e-01
6.64472148305708e-01
6.61325220568994e-01
6.57511040478133e-01
6.53093715035497e-01
6.48131192092832e-01
6.42675852098421e-01
6.36775042991476e-01
6.30471563705979e-01
6.23804101221347e-01
6.16807625622983e-01
6.09513747206947e-01
6.01951039275408e-01
5.94145329919163e-01
5.86119965766836e-01
5.77896050394075e-01
5.69492659827334e-01
5.60927037342886e-01
5.52214769550307e-01
5.43369945558550e-01
5.34405300849957e-01
5.25332347331427e-01
5.16161490890764e-01
5.06902137658683e-01
4.97562790061561e-01
4.88151133645830e-01
4.78674115560612e-01
4.69138015500050e-01
4.59548509829780e-01
4.49910729552379e-01
4.40229312703717e-01
4.30508451715279e-01
4.20751936226092e-01
4.10963191781454e-01
4.01145314813636e-01
3.91301104261783e-01
3.81433090153887e-01
3.71543559442725e-01
3.61634579359573e-01
3.51708018524197e-01
3.41765566026663e-01
3.31808748675858e-01
3.21838946590829e-01
3.11857407294170e-01
3.01865258451371e-01
2.91863519386225e-01
2.81853111489871e-01
2.71834867629782e-01
2.61809540654777e-01
2.51777811082895e-01
2.41740294050661e-01
2.31697545594680e-01
2.21650068329731e-01
2.11598316581327e-01
2.01542701025158e-01
1.91483592880796e-01
1.81421327702486e-01
1.71356208805729e-01
1.61288510364658e-01
1.51218480211825e-01
1.41146342368997e-01
1.31072299334803e-01
1.20996534152596e-01
1.10919212279636e-01
1.00840483276695e-01
9.07604823353325e-02
8.06793316584274e-02
7.05971417080842e-02
6.05140123336394e-02
5.04300337912946e-02
4.03452876657880e-02
3.02598477035145e-02
2.01737805656030e-02
1.00871465086415e-02
0.00000000000000e+00
