0.00000000000000e+00
8.59755461888566e-02
1.62720475827547e-01
2.31121630533619e-01
2.91980647642726e-01
3.46022146303536e-01
3.93901127084591e-01
4.36209660655813e-01
4.73482933847595e-01
5.06204714828118e-01
5.34812293207775e-01
5.59700945517624e-01
5.81227971662103e-01
5.99716343565124e-01
6.15458003268479e-01
6.28716844161832e-01
6.39731405787754e-01
6.48717309740419e-01
6.55869461532654e-01
6.61364040916190e-01
6.65360300979717e-01
6.68002194396618e-01
6.69419843429162e-01
6.69730868700435e-01
6.69041590303048e-01
6.67448113510003e-01
6.65037310174709e-01
6.61887705841893e-01
6.58070281628379e-01
6.53649199062273e-01
6.48682455282440e-01
6.43222475288963e-01
6.37316647292496e-01
6.31007806629335e-01
6.24334673183822e-01
6.17332246784908e-01
6.10032164614556e-01
6.02463024277746e-01
5.94650675833167e-01
5.86618485766743e-01
5.78387575603614e-01
5.69977037595207e-01
5.61404129683936e-01
5.52684451736452e-01
5.43832104845095e-01
5.34859835324279e-01
5.25779164872268e-01
5.16600508227520e-01
5.07333279521061e-01
4.97985988410947e-01
4.88566326980492e-01
4.79081248287666e-01
4.69537037367760e-01
4.59939375414400e-01
4.50293397794298e-01
4.40603746488173e-01
4.30874617493351e-01
4.21109803672107e-01
4.11312733483313e-01
4.01486505992887e-01
3.91633922520591e-01
3.81757515246314e-01
3.71859573067983e-01
3.61942164975143e-01
3.52007161176899e-01
3.42056252199962e-01
3.32090966151835e-01
3.22112684325414e-01
3.12122655304364e-01
3.02122007713304e-01
2.92111761743003e-01
2.82092839568285e-01
2.72066074765010e-01
2.62032220822329e-01
2.51991958837089e-01
2.41945904469015e-01
2.31894614227646e-01
2.21838591155256e-01
2.11778289963780e-01
2.01714121678206e-01
1.91646457833843e-01
1.81575634270341e-01
1.71501954561184e-01
1.61425693113700e-01
1.51347097971233e-01
1.41266393346091e-01
1.31183781909137e-01
1.21099446859409e-01
1.11013553794897e-01
1.00926252403580e-01
9.08376779920035e-02
8.07479528669853e-02
7.06571875845827e-02
6.05654820790582e-02
5.04729266833802e-02
4.03796030516784e-02
3.02855849930719e-02
2.01909392253877e-02
1.00957260564649e-02
0.00000000000000e+00
